872941563
169573284
453826197
324617859
986352741
715498632
697284315
248135976
531769428

000041000
060000200
000000000
320600000
000050041
700000000
000200300
048000000
501000000

369218475
215749863
487635912
754861239
631924758
928357641
173482596
542196387
896573124

309000400
200709000
087000000
750060230
600904008
028050041
000000590
000106007
006000104

518926347
764813259
329547816
195762483
683154972
472398561
831275694
247689135
956431728

010020300
004003050
020000006
005700080
000100002
070098000
800005090
000600105
006000000
	