459716382
612389745
873245169
387964521
524173698
196852437
965421873
731698254
248537916

400010000
000309040
070005009
000060021
004070600
190050000
900400070
030608000
000030006

928547316
431986572
567312894
195673428
384251769
276894153
749168235
612435987
853729641

000000000
001900500
560310090
100600028
004000700
270004003
040068035
002005900
000000000

619428357
384795261
572361948
126954783
435187692
897632514
241576839
763849125
958213476

010020300
004005060
070000008
006900080
000100002
090032000
200006030
000800105
008000000
